%YAML:1.0
File.version: "1.0"

Camera.type: "PinHole"
Camera1.fx: 426.9840393066406
Camera1.fy: 426.9840393066406
Camera1.cx: 430.81121826171875
Camera1.cy: 238.95848083496094
Camera1.k1: 0.0
Camera1.k2: 0.0
Camera1.p1: 0.0
Camera1.p2: 0.0
Camera2.fx: 426.9840393066406
Camera2.fy: 426.9840393066406
Camera2.cx: 430.81121826171875
Camera2.cy: 238.95848083496094
Camera2.k1: 0.0
Camera2.k2: 0.0
Camera2.p1: 0.0
Camera2.p2: 0.0
Camera1.image_frame: "camera_infra1_optical_frame"
Camera2.image_frame: "camera_infra2_optical_frame"
Camera.width: 848
Camera.height: 480
Camera.fps: 30
Camera.RGB: 0

Stereo.ThDepth: 40.0
Stereo.b: 0.05018814280629158
Stereo.T_c1_c2: !!opencv-matrix
  rows: 4
  cols: 4
  dt: f
  data: [1.0, 0.0, 0.0, 0.05018814280629158,
         0.0, 1.0, 0.0, 0.0,
         0.0, 0.0, 1.0, 0.0,
         0.0, 0.0, 0.0, 1.0]

ORBextractor.nFeatures: 1400
ORBextractor.scaleFactor: 1.2
ORBextractor.nLevels: 8
ORBextractor.iniThFAST: 20
ORBextractor.minThFAST: 7

Viewer.KeyFrameSize: 0.05
Viewer.KeyFrameLineWidth: 1.0
Viewer.GraphLineWidth: 0.9
Viewer.PointSize: 2.0
Viewer.CameraSize: 0.08
Viewer.CameraLineWidth: 3.0
Viewer.ViewpointX: 0.0
Viewer.ViewpointY: -0.7
Viewer.ViewpointZ: -1.8
Viewer.ViewpointF: 500.0
